Track,Topic,Coder1,Coder2,Efron,Dakka,Peetz,Novelty
blog06,876,2,1,0,0,0,0
blog06,877,0,0,0,0,0,0
blog06,878,0,0,0,0,0,0
blog06,879,0,0,0,0,1,0
blog06,880,0,1,0,0,0,0
blog06,881,1,1,0,0,1,0
blog06,882,2,0,0,0,1,0
blog06,883,0,0,0,0,0,0
blog06,884,0,0,0,0,0,0
blog06,885,0,0,0,0,0,0
blog06,886,2,1,0,0,1,0
blog06,887,2,0,0,0,1,0
blog06,888,0,0,0,0,1,0
blog06,889,0,0,0,0,0,0
blog06,890,2,2,0,0,1,0
blog06,891,0,0,0,0,1,0
blog06,892,0,0,0,0,1,0
blog06,893,0,0,0,0,0,0
blog06,894,0,0,0,0,0,0
blog06,895,1,0,0,0,1,0
blog06,896,0,0,0,0,1,0
blog06,897,1,2,0,0,1,0
blog06,898,0,0,0,0,0,0
blog06,899,0,0,0,0,1,0
blog06,900,0,0,0,0,0,0
blog07,926,0,2,0,0,0,0
blog07,927,2,2,0,0,0,0
blog07,928,2,1,0,0,1,0
blog07,929,0,0,0,0,0,0
blog07,930,0,0,0,0,0,0
blog07,931,2,0,0,0,0,0
blog07,932,2,1,0,0,0,0
blog07,933,2,2,0,0,1,0
blog07,934,0,0,0,0,0,0
blog07,935,0,1,0,0,0,0
blog07,936,2,2,0,0,1,0
blog07,937,0,0,0,0,1,0
blog07,938,2,2,0,0,1,0
blog07,939,0,0,0,0,0,0
blog07,940,2,1,0,0,0,0
blog07,941,1,0,0,0,0,0
blog07,942,0,0,0,0,0,0
blog07,943,2,2,0,0,1,0
blog07,944,0,0,0,0,0,0
blog07,945,0,1,0,0,0,0
blog07,946,0,0,0,0,0,0
blog07,947,1,2,0,0,1,0
blog07,948,0,0,0,0,0,0
blog07,949,2,0,0,0,0,0
blog07,950,0,0,0,0,0,0
blog08,1026,0,0,0,0,1,0
blog08,1027,0,0,0,0,0,0
blog08,1028,2,2,0,0,1,0
blog08,1029,1,0,0,0,1,0
blog08,1030,1,0,0,0,1,0
blog08,1031,0,0,0,0,0,0
blog08,1032,2,1,0,0,1,0
blog08,1033,0,0,0,0,0,0
blog08,1034,1,0,0,0,1,0
blog08,1035,0,0,0,0,0,0
blog08,1036,2,1,0,0,0,0
blog08,1037,1,0,0,0,0,0
blog08,1038,1,0,0,0,0,0
blog08,1039,0,0,0,0,0,0
blog08,1040,0,0,0,0,1,0
blog08,1041,2,1,0,0,0,0
blog08,1042,2,2,0,0,0,0
blog08,1043,2,1,0,0,1,0
blog08,1044,0,0,0,0,0,0
blog08,1045,2,0,0,0,0,0
blog08,1046,1,0,0,0,0,0
blog08,1047,0,0,0,0,0,0
blog08,1048,2,1,0,0,0,0
blog08,1049,0,0,0,0,0,0
blog08,1050,1,0,0,0,1,0
mb11,026,1,2,0,0,0,0
mb11,027,0,0,0,0,0,0
mb11,028,2,2,0,0,0,0
mb11,029,0,0,0,0,0,0
mb11,030,2,2,0,0,0,0
mb11,031,2,2,0,0,0,0
mb11,032,2,2,0,0,0,0
mb11,033,1,0,0,0,0,0
mb11,034,1,1,0,0,0,0
mb11,035,2,2,0,0,0,0
mb11,036,2,2,0,0,0,0
mb11,037,2,2,0,0,0,0
mb11,038,2,2,0,0,0,0
mb11,039,2,2,0,0,0,0
mb11,040,2,2,0,0,0,0
mb11,041,2,0,0,0,0,0
mb11,042,2,2,0,0,0,0
mb11,043,2,2,0,0,0,0
mb11,044,2,2,0,0,0,0
mb11,045,0,0,0,0,0,0
mb11,046,0,0,0,0,0,0
mb11,047,0,0,0,0,0,0
mb11,048,2,2,0,0,0,0
mb11,049,1,0,0,0,0,0
mb11,050,2,0,0,0,0,0
mb12,076,2,0,0,0,0,0
mb12,077,2,0,0,0,0,0
mb12,078,0,0,0,0,0,0
mb12,079,2,2,0,0,0,0
mb12,080,2,2,0,0,0,0
mb12,081,0,0,0,0,0,0
mb12,082,1,0,0,0,0,0
mb12,083,1,2,0,0,0,0
mb12,084,1,0,0,0,0,0
mb12,085,1,0,0,0,0,0
mb12,086,2,2,0,0,0,0
mb12,087,0,0,0,0,0,0
mb12,088,2,2,0,0,0,0
mb12,089,2,1,0,0,0,0
mb12,090,0,0,0,0,0,0
mb12,091,1,0,0,0,0,0
mb12,092,0,0,0,0,0,0
mb12,093,2,2,0,0,0,0
mb12,094,0,0,0,0,0,0
mb12,095,0,0,0,0,0,0
mb12,096,2,2,0,0,0,0
mb12,097,1,0,0,0,0,0
mb12,098,2,1,0,0,0,0
mb12,099,2,2,0,0,0,0
mb12,100,1,2,0,0,0,0
mb12,101,2,2,0,0,0,0
mb12,102,0,0,0,0,0,0
mb12,103,1,1,0,0,0,0
mb12,104,0,0,0,0,0,0
mb12,105,2,2,0,0,0,0
mb12,106,2,0,0,0,0,0
mb12,107,0,0,0,0,0,0
mb12,108,0,0,0,0,0,0
mb12,109,2,2,0,0,0,0
mb12,110,1,0,0,0,0,0
novelty,100,2,0,0,0,0,0
novelty,26,1,0,0,0,0,0
novelty,27,0,0,0,0,0,0
novelty,28,0,0,0,0,0,0
novelty,29,0,0,0,0,0,0
novelty,30,2,0,0,0,0,0
novelty,31,1,0,0,0,0,0
novelty,32,1,0,0,0,0,0
novelty,33,2,2,0,0,0,1
novelty,34,2,2,0,0,0,1
novelty,35,2,2,0,0,0,1
novelty,36,2,2,0,0,0,1
novelty,37,2,2,0,0,0,1
novelty,38,0,0,0,0,0,0
novelty,39,2,1,0,0,0,1
novelty,40,2,2,0,0,0,1
novelty,41,2,2,0,0,0,1
novelty,42,2,2,0,0,0,1
novelty,43,2,2,0,0,0,1
novelty,44,2,2,0,0,0,1
novelty,45,2,2,0,0,0,1
novelty,46,2,2,0,0,0,1
novelty,47,2,2,0,0,0,1
novelty,48,2,1,0,0,0,1
novelty,49,2,2,0,0,0,1
novelty,50,2,2,0,0,0,1
novelty,76,0,0,0,0,0,0
novelty,77,0,0,0,0,0,0
novelty,78,0,0,0,0,0,0
novelty,79,2,2,0,0,0,1
novelty,80,2,2,0,0,0,1
novelty,81,2,2,0,0,0,1
novelty,82,2,2,0,0,0,1
novelty,83,2,2,0,0,0,1
novelty,84,1,0,0,0,0,0
novelty,85,2,2,0,0,0,1
novelty,86,1,0,0,0,0,0
novelty,87,2,2,0,0,0,1
novelty,88,2,2,0,0,0,1
novelty,89,1,0,0,0,0,0
novelty,90,2,2,0,0,0,1
novelty,91,0,0,0,0,0,0
novelty,92,2,2,0,0,0,1
novelty,93,0,0,0,0,0,0
novelty,94,0,0,0,0,0,0
novelty,95,2,2,0,0,0,1
novelty,96,0,,0,0,0,0
novelty,97,0,0,0,0,0,0
novelty,98,2,0,0,0,0,1
novelty,99,0,0,0,0,0,0
trec1,100,1,0,0,0,0,0
trec1,76,0,0,0,0,0,0
trec1,77,0,1,0,0,0,0
trec1,78,1,1,0,0,0,0
trec1,79,0,0,0,0,0,0
trec1,80,2,2,0,0,0,0
trec1,81,2,2,0,0,0,0
trec1,82,0,0,0,0,0,0
trec1,83,0,0,0,0,0,0
trec1,84,2,1,0,0,0,0
trec1,85,2,1,0,0,0,0
trec1,86,2,2,0,0,0,0
trec1,87,2,2,0,0,0,0
trec1,88,1,0,0,0,0,0
trec1,89,2,0,0,0,0,0
trec1,90,0,0,0,0,0,0
trec1,91,2,1,0,0,0,0
trec1,92,1,1,0,0,0,0
trec1,93,0,0,0,0,0,0
trec1,94,0,1,0,0,0,0
trec1,95,0,0,0,0,0,0
trec1,96,0,0,0,0,0,0
trec1,97,0,0,0,0,0,0
trec1,98,0,0,0,0,0,0
trec1,99,2,2,0,0,0,0
trec2,126,0,0,0,0,0,0
trec2,127,2,1,0,0,0,0
trec2,128,1,0,0,0,0,0
trec2,129,0,1,0,0,0,0
trec2,130,0,0,0,0,0,0
trec2,131,1,1,0,0,0,0
trec2,132,0,1,1,0,0,0
trec2,133,2,1,1,0,0,0
trec2,134,2,2,0,0,0,0
trec2,135,0,1,0,0,0,0
trec2,136,1,0,0,0,0,0
trec2,137,1,1,1,0,0,0
trec2,138,1,1,0,0,0,0
trec2,139,1,1,1,0,0,0
trec2,140,0,0,1,0,0,0
trec2,141,1,0,0,0,0,0
trec2,142,0,0,0,0,0,0
trec2,143,0,0,0,0,0,0
trec2,144,0,0,0,0,0,0
trec2,145,0,0,0,0,0,0
trec2,146,2,2,0,0,0,0
trec2,147,0,0,0,0,0,0
trec2,148,1,1,1,0,0,0
trec2,149,0,0,0,0,0,0
trec2,150,0,0,0,0,0,0
trec3,176,0,0,0,0,0,0
trec3,177,0,0,0,0,0,0
trec3,178,0,1,0,0,0,0
trec3,179,0,0,0,0,0,0
trec3,180,0,1,0,0,0,0
trec3,181,0,0,0,0,0,0
trec3,182,0,0,0,0,0,0
trec3,183,1,1,0,0,0,0
trec3,184,0,0,0,0,0,0
trec3,185,0,0,0,0,0,0
trec3,186,0,0,0,0,0,0
trec3,187,0,0,0,0,0,0
trec3,188,0,0,1,0,0,0
trec3,189,1,0,0,0,0,0
trec3,190,0,1,0,0,0,0
trec3,191,1,0,0,0,0,0
trec3,192,2,2,1,0,0,0
trec3,193,1,0,0,0,0,0
trec3,194,0,0,0,0,0,0
trec3,195,2,1,1,0,0,0
trec3,196,0,0,1,0,0,0
trec3,197,0,0,0,0,0,0
trec3,198,0,0,0,0,0,0
trec3,199,2,2,1,0,0,0
trec6,326,2,2,1,1,0,0
trec6,327,0,0,0,0,0,0
trec6,328,1,2,0,0,0,0
trec6,329,1,0,1,1,0,0
trec6,330,1,2,0,1,0,0
trec6,331,0,0,1,1,0,0
trec6,332,1,0,0,1,0,0
trec6,333,0,0,0,1,0,0
trec6,334,0,0,1,1,0,0
trec6,335,0,0,0,0,0,0
trec6,336,2,1,0,0,0,0
trec6,337,0,0,1,1,0,0
trec6,338,0,0,0,0,0,0
trec6,339,0,0,1,0,0,0
trec6,340,2,2,1,1,0,0
trec6,341,0,0,0,1,0,0
trec6,342,2,1,0,0,0,0
trec6,343,2,0,0,1,0,0
trec6,344,1,0,0,0,0,0
trec6,345,0,0,1,1,0,0
trec6,346,0,0,1,1,0,0
trec6,347,0,0,0,1,0,0
trec6,348,0,0,0,0,0,0
trec6,349,0,0,0,1,0,0
trec6,350,0,0,0,1,0,0
trec7,376,0,2,1,1,0,0
trec7,377,0,0,0,0,0,0
trec7,378,1,2,1,1,0,0
trec7,379,0,0,0,0,0,0
trec7,380,0,0,0,0,0,0
trec7,381,0,0,0,0,0,0
trec7,382,1,0,0,0,0,0
trec7,383,0,0,0,1,0,0
trec7,384,0,1,0,0,0,0
trec7,385,0,1,0,1,0,0
trec7,386,0,0,0,0,0,0
trec7,387,0,0,1,0,0,0
trec7,388,0,0,0,1,0,0
trec7,389,1,1,1,1,0,0
trec7,390,0,0,0,1,0,0
trec7,391,0,0,1,1,0,0
trec7,392,0,0,0,1,0,0
trec7,393,1,1,0,1,0,0
trec7,394,0,0,0,0,0,0
trec7,395,0,0,0,1,0,0
trec7,396,0,0,0,0,0,0
trec7,397,2,1,0,0,0,0
trec7,398,2,2,0,1,0,0
trec7,399,0,0,0,1,0,0
trec7,400,0,0,0,1,0,0
trec8,426,0,0,0,0,0,0
trec8,427,0,0,0,1,0,0
trec8,428,0,0,1,1,0,0
trec8,429,2,2,0,0,0,0
trec8,430,2,2,0,0,0,0
trec8,431,0,0,0,1,0,0
trec8,432,0,0,0,1,0,0
trec8,433,0,0,0,0,0,0
trec8,434,1,0,1,1,0,0
trec8,435,0,0,0,1,0,0
trec8,436,2,2,0,1,0,0
trec8,437,1,0,1,1,0,0
trec8,438,0,0,0,1,0,0
trec8,439,0,1,0,1,0,0
trec8,440,1,0,0,0,0,0
trec8,441,0,0,0,0,0,0
trec8,442,1,1,0,1,0,0
trec8,443,0,1,1,1,0,0
trec8,444,0,0,0,0,0,0
trec8,445,2,0,1,0,0,0
trec8,446,0,1,1,1,0,0
trec8,447,0,0,0,0,0,0
trec8,448,1,2,0,1,0,0
trec8,449,0,0,1,0,0,0
trec8,450,0,2,1,1,0,0
